24.000239      11.451648      11.519320      0.685412
23.000149      11.459243      11.511495      -0.270396
22.000517      11.515537      11.455482      -1.206709
21.003531      28.040432      11.348852      -2.094344
20.171221      10.722493      12.542046      21.787366
19.123793      42.630998      12.285614      -6.463670
18.155638      41.751788      12.657298      4.074522
17.231889      40.367469      13.333645      7.218124
16.393259      38.554304      14.540734      10.995501
15.676086      36.606968      16.611834      14.235699
15.037258      34.947205      15.326591      14.411091
14.607473      33.331097      13.905544      18.108613
14.419861      31.974546      12.719343      20.443061
14.484205      30.967484      11.774382      21.145439
14.841685      30.293787      11.041568      21.036655
15.609963      29.921685      10.494413      20.784895
17.068277      21.845701      10.123018      20.774985
30.595244      19.582388      9.777442      12.000406
28.288628      15.914338      9.766137      24.404475
26.737058      14.500571      9.816123      16.553837
25.489386      13.765679      9.901906      11.844602
24.378812      13.316174      10.008155      8.699643
23.333671      13.024066      10.116550      6.248486
22.318143      12.838363      10.208242      4.173477
21.314033      12.737776      10.266280      2.346122
20.313326      12.715020      10.277696      0.714222
19.314181      12.770536      26.378635      -0.740578
18.444185      13.897947      27.498635      -16.518369
17.709501      15.637348      29.251366      -16.822626
17.111492      18.199035      32.049923      -17.194097
16.664088      16.524454      36.831292      -17.739215
16.417393      15.135268      36.446103      -18.893882
16.364436      14.011987      35.181412      -18.930602
16.543145      13.111066      34.248212      -18.872372
17.027613      12.402537      33.610123      -18.829189
17.949586      11.868913      23.406291      -18.797898
19.028493      11.452386      18.455569      -15.521763
20.011880      11.092600      16.853536      -11.640679
21.109931      10.783249      16.020547      -9.927041
22.393994      10.517250      15.506302      -8.730549
23.885927      10.286891      15.169673      -7.673862
25.594502      10.085426      14.945178      -6.703832
27.347801      9.909130      14.787702      -5.892941
26.182537      9.760695      14.649285      -5.420919
25.038449      9.663002      14.435272      -5.896312
23.920505      9.623251      14.159657      -6.341586
22.832557      9.649920      13.835143      -6.750162
21.777266      9.752989      13.473044      -7.111473
20.755953      9.944158      13.083201      -7.411477
19.768425      10.236982      12.673939      -7.633275
18.812813      10.646802      12.252058      -7.757674
17.885433      11.190206      11.822898      -7.763674
16.980739      11.883631      11.390461      -7.629084
16.091394      12.740510      10.957598      -7.331725
